Polomer	h	k	B	Cp	b	z1	y1	z2	y2	x
0.01875	11.59970389	0.4764375003	1.001455368	0.08803012675	0.05513176956	9.176047037	16.15928519	-24.85800621	-27.2134624	18.75
0.025	8.758628889	0.470355857	0.9848561867	0.1140794543	0.07128522106	12.20977405	20.69409769	-32.72095075	-34.64858666	25
0.03125	7.05783689	0.4645299326	0.9683396332	0.1386231789	0.08637085428	15.20574054	24.82570769	-40.33341847	-41.32054153	31.25
0.0375	5.927173889	0.4589536265	0.9519250507	0.1617416598	0.1004192593	18.15036896	28.56959383	-47.67596268	-47.26523791	37.5
0.04375	5.122282889	0.4536205416	0.9356310825	0.1835121995	0.1134633686	21.03127302	31.94225618	-54.73189015	-52.52003788	43.75
0.05	4.520980889	0.44852405	0.9194755655	0.2040090199	0.125538131	23.83731893	34.96102334	-61.48729455	-57.12335466	50
0.05625	4.055385889	0.443656746	0.9034751062	0.2233032528	0.1366802559	26.55869107	37.64387112	-67.93110377	-61.11427302	56.25
0.0625	3.684763889	0.4390118751	0.8876457472	0.2414629449	0.1469277061	29.18684953	40.00920108	-74.05490017	-64.5321397	62.5
0.06875	3.383190889	0.4345823788	0.8720023448	0.2585530764	0.1563194744	31.71456293	42.07567463	-79.85291128	-67.41622813	68.75
0.075	3.133383889	0.4303598167	0.856557929	0.274635593	0.1648954443	34.13594957	43.86206474	-85.32202387	-69.80543347	75
0.08125	2.923372889	0.426337774	0.8413254475	0.2897694496	0.1726955686	36.44625621	45.38701193	-90.46124892	-71.73789808	81.25
0.0875	2.744607889	0.4225085991	0.826315989	0.3040106662	0.1797600665	38.64197374	46.66895247	-95.27191364	-73.25082184	87.5
0.09375	2.590818889	0.4188634577	0.8115388182	0.3174123922	0.1861291866	40.72078166	47.72598553	-99.75749558	-74.38022947	93.75
0.1	2.457298889	0.4153967658	0.7970036248	0.3300249815	0.191842193	42.68119613	48.57564957	-103.9228437	-75.16069317	100
0.10625	2.340450889	0.4120996518	0.7827171898	0.3418960734	0.1969382759	44.5228885	49.23498249	-107.7748207	-75.62530861	106.25
0.1125	2.237474889	0.4089650923	0.7686860177	0.3530706815	0.2014554687	46.24627811	49.72031623	-111.3214252	-75.80547696	112.5
0.11875	2.146158889	0.4059873739	0.7549160526	0.3635912865	0.2054305532	47.85246511	50.04722767	-114.5716403	-75.73083952	118.75
0.125	2.064735889	0.403157111	0.7414102968	0.3734979334	0.2088998639	49.34347927	50.23060549	-117.535944	-75.42929749	125
0.13125	1.991771889	0.4004695489	0.7281728917	0.3828283321	0.2118976115	50.72162611	50.28442546	-120.2249458	-74.92686514	131.25
0.1375	1.926095889	0.3979166069	0.7152053265	0.3916179588	0.2144573034	51.98994475	50.22191235	-122.6503436	-74.24778145	137.5
0.14375	1.866738889	0.3954928138	0.7025093319	0.3999001589	0.2166105422	53.15171468	50.05539921	-124.8239075	-73.41445509	143.75
0.15	1.812894889	0.393190406	0.6900846419	0.4077062497	0.2183879315	54.21072262	49.79643628	-126.7580443	-72.44755752	150
0.15625	1.763883889	0.3910072051	0.6779326625	0.4150656223	0.2198175061	55.17063044	49.45564107	-128.4645087	-71.36601126	156.25
0.1625	1.719134889	0.3889333025	0.6660504864	0.4220058423	0.2209273409	56.03586036	49.042987	-129.9562426	-70.18715856	162.5
0.16875	1.678158889	0.3869642914	0.6544369676	0.4285527479	0.2217429543	56.81059069	48.56756171	-131.245326	-68.92673591	168.75
0.175	1.640536889	0.3850961762	0.6430904371	0.4347305458	0.2222883271	57.49906618	48.03770409	-132.3436383	-67.59900251	175
0.18125	1.605909889	0.3833207364	0.6320067912	0.4405619045	0.2225868444	58.1058838	47.46111862	-133.2634607	-66.21683557	181.25
0.1875	1.573963889	0.3816371922	0.6211845671	0.4460680439	0.2226590384	58.63511755	46.84470542	-134.0157089	-64.79178686	187.5
0.19375	1.544427889	0.3800396357	0.6106196001	0.4512688218	0.2225251066	59.09118341	46.19482112	-134.611721	-63.33420658	193.75
0.2	1.517064889	0.3785226301	0.6003075128	0.4561828163	0.222203857	59.4784077	45.51721616	-135.0623946	-61.85331197	200
0.20625	1.491666889	0.3770808524	0.5902436162	0.4608274054	0.2217128305	59.8010274	44.81708048	-135.3782082	-60.35727562	206.25
0.2125	1.468048889	0.3757142172	0.5804249913	0.4652188415	0.2210673747	60.06281302	44.09900882	-135.568476	-58.85332429	212.5
0.21875	1.446049889	0.3744151586	0.5708454231	0.4693723235	0.2202831546	60.26794295	43.36722869	-135.6431395	-57.34779501	218.75
0.225	1.425524889	0.3731829826	0.5615011875	0.4733020642	0.2193734517	60.41998853	42.62542564	-135.6107275	-55.84624388	225
0.23125	1.406346889	0.3720104409	0.5523858017	0.477021354	0.2183517862	60.52283455	41.87696902	-135.4802361	-54.35347745	231.25
0.2375	1.388399889	0.3708994617	0.543496141	0.4805426217	0.2172290016	60.57959447	41.12473388	-135.2589519	-52.87368581	237.5
0.24375	1.371582889	0.3698420128	0.5348251532	0.4838774909	0.2160169211	60.59390961	40.37138393	-134.9550895	-51.410418	243.75
0.25	1.355802889	0.3688388964	0.5263690103	0.4870368337	0.2147248885	60.56867431	39.61916131	-134.5752333	-49.96673648	250
0.25625	1.340977889	0.3678845603	0.5181214439	0.4900308205	0.2133626449	60.50705651	38.87010372	-134.1264068	-48.54518794	256.25
0.2625	1.327032889	0.3669777493	0.5100777162	0.4928689673	0.2119384156	60.41178812	38.12594231	-133.6146553	-47.14791811	262.5
0.26875	1.313899889	0.3661183061	0.5022334177	0.4955601793	0.210459564	60.28538594	37.38816789	-133.0455024	-45.77670253	268.75
0.275	1.301518889	0.3652990903	0.4945816676	0.4981127922	0.2089340722	60.13067077	36.65813687	-132.4250005	-44.43292304	275
0.28125	1.289833889	0.3645199965	0.4871180832	0.5005346109	0.2073680798	59.94986796	35.93694277	-131.7579346	-43.11771515	281.25
0.2875	1.278793889	0.3637814967	0.4798384576	0.5028329449	0.2057671009	59.74503613	35.22550841	-131.0486922	-41.83195758	287.5
0.29375	1.268353889	0.3630768545	0.4727361755	0.505014642	0.2041374022	59.51855174	34.52467516	-130.3022395	-40.57623163	293.75
0.3	1.258470889	0.3624092837	0.465808016	0.5070861195	0.2024830707	59.27204811	33.83505597	-129.5220052	-39.35100395	300
0.30625	1.249106889	0.3617752028	0.4590485243	0.5090533934	0.2008089424	59.00745953	33.1572081	-128.7119754	-38.15650097	306.25
0.3125	1.240226889	0.3611721352	0.4524526934	0.5109221051	0.1991192651	58.72653473	32.49157094	-127.8757255	-36.99280283	312.5
0.31875	1.231798889	0.3605970348	0.4460154202	0.512697547	0.1974180134	58.43094439	31.83849307	-127.01664	-35.85984848	318.75
0.325	1.223792889	0.3600505275	0.4397328462	0.5143846858	0.1957082223	58.12203853	31.19820946	-126.1374332	-34.75749815	325
0.33125	1.216181889	0.3595296802	0.4336000638	0.5159881844	0.1939932086	57.80127896	30.57091041	-125.241016	-33.68547658	331.25
0.3375	1.208940889	0.3590323793	0.4276125233	0.5175124223	0.1922758675	57.46998442	29.95671404	-124.3299907	-32.64343181	337.5
0.34375	1.202045889	0.3585628597	0.4217676794	0.5189615142	0.1905578308	57.12902857	29.3556358	-123.4060539	-31.63100922	343.75
0.35	1.195475889	0.35811762	0.4160607013	0.520339328	0.1888417371	56.77964595	28.76769978	-122.4716037	-30.64771212	350
0.35625	1.189211889	0.3576900832	0.4104859846	0.5216495004	0.187130468	56.42315663	28.19290573	-121.529193	-29.69295903	356.25
0.3625	1.183233889	0.3572912906	0.4050431916	0.5228954536	0.1854239803	56.05984024	27.63109651	-120.5792934	-28.76632298	362.5
0.36875	1.177526889	0.3569059318	0.3997243773	0.5240804072	0.1837261104	55.69135024	27.08225965	-119.6250973	-27.86705218	368.75
0.375	1.172073889	0.3565422961	0.3945285521	0.5252073937	0.1820369074	55.31799184	26.54619866	-118.6671083	-26.99463229	375
0.38125	1.166860889	0.3561946373	0.3894507774	0.5262792691	0.1803584051	54.94076845	26.02278475	-117.7072105	-26.14837267	381.25
0.3875	1.161873889	0.3558652325	0.3844884838	0.5272987251	0.1786912931	54.56020122	25.51181908	-116.7463242	-25.32765934	387.5
0.39375	1.157100889	0.3555476589	0.3796367827	0.528268299	0.1770374154	54.17721259	25.01313816	-115.7861614	-24.53177021	393.75
0.4	1.152528889	0.3552514259	0.374895237	0.529190385	0.1753961803	53.79185738	24.52647259	-114.8267097	-23.76016012	400
0.40625	1.148146889	0.3549763006	0.3702607769	0.5300672416	0.1737683359	53.40465677	24.05160088	-113.8688794	-23.01217133	406.25
0.4125	1.143946889	0.3547007528	0.3657248136	0.5309010001	0.1721575327	53.0171458	23.58840626	-112.9155879	-22.28690246	412.5
0.41875	1.139916889	0.3544461149	0.3612902442	0.5316936754	0.1705612466	52.62867575	23.13653162	-111.9654235	-21.58394835	418.75
0.425	1.136047889	0.3542126729	0.356954375	0.5324471705	0.1689799004	52.23962927	22.69573279	-111.0190187	-20.90266839	425
0.43125	1.132333889	0.353975978	0.3527082974	0.5331632828	0.1674172242	51.85154244	22.26588508	-110.0792894	-20.24214537	431.25
0.4375	1.128763889	0.3537670897	0.3485574138	0.533843715	0.1658692533	51.4632391	21.84658144	-109.1437819	-19.60210974	437.5
0.44375	1.125332889	0.3535611496	0.3444929438	0.5344900754	0.1643396142	51.07620183	21.43769317	-108.2153067	-18.98166006	443.75
0.45	1.122032889	0.353368936	0.340515219	0.535103888	0.16282703	50.69018355	21.0389157	-107.2932519	-18.38031609	450
0.45625	1.118857889	0.3531845448	0.3366204639	0.5356865949	0.1613324226	50.30570085	20.65002588	-106.3785184	-17.79741888	456.25
0.4625	1.115801889	0.3530060925	0.332806001	0.5362395629	0.1598561197	49.92305416	20.27078221	-105.471581	-17.23236914	462.5
0.46875	1.112858889	0.3528359535	0.3290702514	0.5367640871	0.1583978551	49.54232864	19.90092646	-104.5724907	-16.68463001	468.75
0.475	1.110022889	0.3526810015	0.3254127358	0.5372613962	0.1569567682	49.163395	19.54018515	-103.6808772	-16.15372948	475
0.48125	1.107288889	0.3525402421	0.3218311345	0.5377326551	0.1555329945	48.78646563	19.18832357	-102.7970478	-15.63912012	481.25
0.4875	1.104652889	0.3524034748	0.3183210763	0.5381789685	0.1541277871	48.41213599	18.84514818	-101.9220691	-15.14016561	487.5
0.49375	1.102109889	0.3522763833	0.3148819745	0.5386013863	0.1527403605	48.04028304	18.51040241	-101.05559	-14.65642385	493.75
0.5	1.099655889	0.352155179	0.3115111048	0.5390009051	0.1513710958	47.67118465	18.18387329	-100.1980544	-14.18736073	500
0.50625	1.097286889	0.3520390583	0.3082065019	0.5393784717	0.150019975	47.30497323	17.86533983	-99.34962102	-13.73249053	506.25
0.5125	1.094998889	0.3519303655	0.3049669582	0.5397349865	0.1486865809	46.94163643	17.55457362	-98.51016545	-13.29137695	512.5
0.51875	1.092787889	0.3518347553	0.3017920231	0.5400713058	0.1473700974	46.58101781	17.25133944	-97.67928163	-12.86363396	518.75
0.525	1.090651889	0.3517315297	0.2986755275	0.5403882424	0.1460728326	46.22404205	16.95550544	-96.85869986	-12.4485996	525
0.53125	1.088585889	0.3516466391	0.2956215561	0.5406865732	0.1447915337	45.86969488	16.66677099	-96.04632623	-12.04613881	531.25
0.5375	1.086587889	0.3515643561	0.2926251497	0.5409670345	0.143527883	45.518673	16.38499506	-95.2434461	-11.65567226	537.5
0.54375	1.084654889	0.3514860236	0.2896851257	0.5412303292	0.1422815253	45.17095991	16.10997827	-94.4499398	-11.27682157	543.75
0.55	1.082783889	0.3514156067	0.2868008821	0.5414771268	0.1410518052	44.82643056	15.84151761	-93.66547614	-10.90924922	550
0.55625	1.080971889	0.3513598179	0.2839723962	0.5417080661	0.139837767	44.48485181	15.57940679	-92.88951345	-10.55265879	556.25
0.5625	1.079217889	0.3512941178	0.2811932347	0.5419237531	0.1386419735	44.14720592	15.32354985	-92.12390918	-10.20643244	562.5
0.56875	1.077517889	0.3512462841	0.2784678095	0.5421247705	0.1374610827	43.81242446	15.0736793	-91.36647927	-9.870523043	568.75
0.575	1.075870889	0.3511952381	0.2757905389	0.5423116701	0.1362972301	43.48133324	14.82969579	-90.6187771	-9.544375021	575
0.58125	1.074273889	0.3511564587	0.2731633186	0.5424849818	0.1351484818	43.15334499	14.59138442	-89.87957234	-9.227831242	581.25
0.5875	1.072725889	0.3511115602	0.270581284	0.5426452083	0.1340166208	42.82915538	14.35864401	-89.15016583	-8.920389847	587.5
0.59375	1.071223889	0.351080402	0.2680472174	0.5427928336	0.1328992615	42.50801466	14.13125663	-88.42901171	-8.621959297	593.75
0.6	1.069766889	0.3510476079	0.2655569659	0.5429283168	0.1317978347	42.19048974	13.90911957	-87.71716114	-8.332091507	600
0.60625	1.068352889	0.3510180021	0.2631103972	0.5430520985	0.1307115864	41.87638904	13.69207134	-87.01417255	-8.050558433	606.25
0.6125	1.066979889	0.350998499	0.2607077751	0.5431646004	0.1296395617	41.56544906	13.47994942	-86.3194648	-7.777161769	612.5
0.61875	1.065646889	0.3509776032	0.2583458749	0.5432662239	0.1285827382	41.25807065	13.27265035	-85.6337676	-7.511524962	618.75
0.625	1.064351889	0.3509654239	0.2560256186	0.5433573553	0.1275398337	40.9538721	13.07001078	-84.95627084	-7.253500122	625
0.63125	1.063093889	0.350952973	0.2537443508	0.5434383624	0.1265115488	40.65315317	12.87192717	-84.28750868	-7.002755062	631.25
0.6375	1.061871889	0.350931977	0.2514996334	0.5435095974	0.1254984829	40.35617596	12.67829651	-83.62794268	-6.758975232	637.5
0.64375	1.060682889	0.3509394554	0.2492973596	0.5435714026	0.124496667	40.06162609	12.48889325	-82.9749316	-6.522302852	643.75
0.65	1.059527889	0.3509258805	0.2471275828	0.5436240962	0.1235108664	39.77119649	12.30373699	-82.33175814	-6.29203078	650
0.65625	1.058403889	0.3509316753	0.2449967998	0.5436679935	0.1225368095	39.48346491	12.1226016	-81.69557221	-6.068347635	656.25
0.6625	1.057310889	0.3509309384	0.2428995049	0.543703389	0.1215768511	39.19928915	11.94544651	-81.0680149	-5.850797413	662.5
0.66875	1.056246889	0.3509450148	0.240838694	0.5437305709	0.1206286763	38.91791761	11.77210686	-80.44756007	-5.639392077	668.75
0.675	1.055211889	0.3509490942	0.2388091972	0.5437498098	0.1196944888	38.64015154	11.60254374	-79.8357402	-5.433703719	675
0.68125	1.054203889	0.3509674735	0.2368145189	0.5437613716	0.1187717211	38.3651494	11.43659225	-79.23085521	-5.233783802	681.25
0.6875	1.053222889	0.3509765867	0.2348498209	0.5437655055	0.1178624257	38.09365651	11.27421499	-78.63433007	-5.039231991	687.5
0.69375	1.052266889	0.3510038741	0.2329191129	0.5437624571	0.1169637825	37.82474183	11.11524685	-78.04429149	-4.850138712	693.75
0.7	1.051335889	0.3510271692	0.2310178846	0.5437524562	0.1160776926	37.55909521	10.95965181	-77.4620578	-4.666130673	700
0.70625	1.050429889	0.3510236486	0.229141656	0.5437357229	0.1152060582	37.29740447	10.80739573	-76.88894418	-4.486839166	706.25
0.7125	1.049545889	0.3510516659	0.2272995968	0.5437124801	0.1143432422	37.03776792	10.65824796	-76.3211713	-4.312655029	712.5
0.71875	1.048683889	0.3510914268	0.2254876819	0.5436829314	0.1134909186	36.780793	10.51217416	-75.7598988	-4.143244546	718.75
0.725	1.047843889	0.3511225564	0.2237019144	0.5436472722	0.1126507623	36.5270854	10.36914179	-75.2062838	-3.978278202	725
0.73125	1.047024889	0.3511528409	0.2219429967	0.5436056946	0.1118218589	36.27636108	10.22905261	-74.65973371	-3.817691002	731.25
0.7375	1.046225889	0.3511914713	0.2202118342	0.5435583834	0.1110031923	36.02830029	10.09180831	-74.11958686	-3.661433549	737.5
0.74375	1.045446889	0.3512193462	0.2185047734	0.5435055125	0.1101962867	35.78345296	9.957378837	-73.5868936	-3.509205691	743.75
0.75	1.044686889	0.3512470808	0.2168229908	0.5434472534	0.1093999996	35.54145379	9.825666956	-73.06090464	-3.360980147	750
0.75625	1.043944889	0.351286803	0.2151678643	0.5433837718	0.1086130865	35.30190187	9.696575225	-72.54080176	-3.216744904	756.25
0.7625	1.043220889	0.3513209195	0.2135360773	0.5433152224	0.1078369204	35.06529197	9.570075661	-72.0275295	-3.076228102	762.5
0.76875	1.042513889	0.3513631555	0.2119292751	0.5432417595	0.1070701299	34.8311779	9.446071615	-71.52018243	-2.939439181	768.75
0.775	1.041822889	0.3514288564	0.2103493027	0.543163532	0.106311241	34.59907794	9.324466061	-71.01778616	-2.806402507	775
0.78125	1.041148889	0.3514693205	0.2087881463	0.5430806729	0.1055642727	34.37038932	9.205303814	-70.52306268	-2.67658983	781.25
0.7875	1.040490889	0.3515000579	0.2072477809	0.5429933202	0.1048277019	34.14461129	9.088489771	-70.03500168	-2.550037598	787.5
0.79375	1.039847889	0.3515382807	0.2057303798	0.5429016081	0.1040999023	33.92120759	8.973928321	-69.55252397	-2.426796907	793.75
0.8	1.039218889	0.3516029504	0.2042383145	0.5428056671	0.1033791446	33.69960642	8.861523299	-69.07448135	-2.306933433	800
0.80625	1.038604889	0.3516447619	0.2027637366	0.5427056094	0.1026694015	33.48118477	8.751323979	-68.6035586	-2.189936452	806.25
0.8125	1.038003889	0.3517185666	0.201314397	0.5426015633	0.1019659649	33.26435116	8.643162277	-68.13660385	-2.076181303	812.5
0.81875	1.037416889	0.3517748516	0.1998825272	0.542493633	0.1012727842	33.05047271	8.537089484	-67.67628367	-1.965165512	818.75
0.825	1.036842889	0.3518349108	0.1984708826	0.5423819321	0.1005879517	32.83891409	8.433011044	-67.22132771	-1.856985818	825
0.83125	1.036281889	0.3518846555	0.1970770261	0.5422665641	0.09991246424	32.63003172	8.330906602	-66.77241632	-1.751445998	831.25
0.8375	1.035732889	0.351947493	0.1957039702	0.5421476352	0.09924428533	32.42314545	8.230681451	-66.32819246	-1.648662216	837.5
0.84375	1.035195889	0.3520103607	0.1943494436	0.542025242	0.09858433527	32.21858451	8.132315992	-65.88928417	-1.548451682	843.75
0.85	1.034670889	0.3520598671	0.19301119	0.5418994774	0.09793353583	32.01667777	8.035791697	-65.45631937	-1.450633823	850
0.85625	1.034156889	0.3521218954	0.1916925368	0.5417704384	0.09728969583	31.81669108	7.941014092	-65.02783663	-1.355349027	856.25
0.8625	1.033653889	0.3521841753	0.1903913913	0.5416382119	0.09665366021	31.61892618	7.847965199	-64.60441161	-1.262429729	862.5
0.86875	1.033161889	0.3522341331	0.1891056739	0.5415028813	0.09602627536	31.42368459	7.75662802	-64.18661994	-1.171710359	868.75
0.875	1.032679889	0.3523002947	0.1878390248	0.5413645363	0.0954051945	31.23017813	7.666908013	-63.7728957	-1.083354953	875
0.88125	1.032207889	0.3523713043	0.1865895262	0.5412232551	0.09479118668	31.03868116	7.578788539	-63.36376219	-0.9972105748	881.25
0.8875	1.031745889	0.3524355291	0.1853552725	0.5410791129	0.09418502235	30.84946792	7.492253855	-62.95974283	-0.9131260974	887.5
0.89375	1.031292889	0.3525243044	0.1841402138	0.5409321924	0.09358419811	30.6616961	7.407209053	-62.55916686	-0.8312886627	893.75
0.9	1.030849889	0.3525834442	0.1829367149	0.5407825546	0.09299270873	30.47673814	7.323719136	-62.16471714	-0.751219982	900
0.90625	1.030415889	0.3526449925	0.1817488397	0.540630277	0.09240799982	30.29373358	7.241689836	-61.77468811	-0.6731164195	906.25
0.9125	1.029990889	0.3526981161	0.1805748644	0.5404754253	0.0918307667	30.11292934	7.161107217	-61.38955112	-0.5968423636	912.5
0.91875	1.029573889	0.3527775041	0.1794191037	0.5403180753	0.09125832267	29.93341979	7.081876	-61.00751279	-0.5226121145	918.75
0.925	1.029164889	0.3528737498	0.178279992	0.5401582884	0.09069128448	29.75542459	7.003982206	-60.62899181	-0.4503019504	925
0.93125	1.028764889	0.3529301602	0.1771498539	0.5399961125	0.09013370788	29.580334	6.927495784	-60.25670766	-0.3794353187	931.25
0.9375	1.028371889	0.3530303573	0.1760393372	0.5398316291	0.0895793638	29.40603545	6.852238349	-59.8864962	-0.3105969487	937.5
0.94375	1.027987889	0.3530694706	0.174934619	0.53966487	0.0890357757	29.23509892	6.778364993	-59.52339595	-0.2429557564	943.75
0.95	1.027609889	0.3531823295	0.1738528082	0.5394959267	0.08849308856	29.06417757	6.705611776	-59.16081804	-0.1774742114	950
0.95625	1.027239889	0.3532629808	0.1727800535	0.5393248264	0.08795885562	28.8958505	6.634135647	-58.80381947	-0.1133207991	956.25
0.9625	1.026877889	0.3533006819	0.1717148436	0.5391516193	0.08743370152	28.73033748	6.563926753	-58.45282094	-0.05037974333	962.5
0.96875	1.026521889	0.3533865919	0.1706684711	0.5389763817	0.08691104841	28.56540754	6.494803021	-58.10342765	0.01071923648	968.75
0.975	1.026172889	0.3534618668	0.1696332749	0.5387991473	0.08639498827	28.40246021	6.426839531	-57.75837933	0.07044686903	975
0.98125	1.025829889	0.3535696162	0.1686143978	0.5386199773	0.0858824101	28.24044415	6.359939101	-57.41559991	0.1285284072	981.25
0.9875	1.025493889	0.3536492585	0.1676041011	0.5384389016	0.08537746326	28.08077738	6.29417905	-57.07786587	0.1854383873	987.5
0.99375	1.025164889	0.3536910762	0.166601051	0.5382559621	0.08488069647	27.92365263	6.22955083	-56.74554616	0.2412781592	993.75
1	1.024840889	0.353794234	0.1656171831	0.5380712343	0.08438517923	27.76671954	6.165868111	-56.41401323	0.2953736935	1000
1.00625	1.024522889	0.3538976197	0.1646447797	0.5378847414	0.08389506435	27.61139637	6.103209802	-56.08604472	0.3481965584	1006.25
1.0125	1.024211889	0.3539371223	0.163675943	0.5376965062	0.08341461679	27.45913858	6.041657556	-55.76449138	0.4002293812	1012.5
1.01875	1.023904889	0.354072323	0.1627296814	0.5375066192	0.08293291903	27.30624093	5.980932384	-55.44206456	0.4503810552	1018.75
1.025	1.023604889	0.3541268313	0.1617846595	0.5373150651	0.08246183029	27.15673956	5.921297477	-55.12668592	0.4999188686	1025
1.03125	1.023309889	0.3542060898	0.1608533136	0.5371219141	0.08199414755	27.00819175	5.862563384	-54.81354788	0.548134176	1031.25
1.0375	1.023019889	0.3543034688	0.1599346367	0.5369272025	0.08153026055	26.86073522	5.804721682	-54.5029131	0.5951038843	1037.5
1.04375	1.022734889	0.354412192	0.1590276272	0.5367309636	0.08107056002	26.71450781	5.747764372	-54.19504466	0.6409041262	1043.75
1.05	1.022455889	0.3544649741	0.1581242821	0.5365332119	0.08061940177	26.57099386	5.69177757	-53.89285112	0.6860216067	1050
1.05625	1.022180889	0.3545747342	0.1572375789	0.5363340178	0.08016927852	26.42764807	5.63656734	-53.59132456	0.7297112163	1056.25
1.0625	1.021910889	0.354674641	0.1563595723	0.5361333925	0.07972452001	26.28594564	5.582220036	-53.29335602	0.7724551769	1062.5
1.06875	1.021645889	0.3547573409	0.1554892827	0.5359313666	0.07928552104	26.14602493	5.528729313	-52.99921026	0.814326653	1068.75
1.075	1.021385889	0.3548153309	0.1546257353	0.5357279681	0.07885267753	26.00802448	5.476089198	-52.70915261	0.8553981669	1075
1.08125	1.021129889	0.3549051439	0.1537752047	0.5355232473	0.07842228077	25.87068927	5.424197547	-52.42071092	0.8953149338	1081.25
1.0875	1.020877889	0.3550213195	0.1529368685	0.5353172326	0.07799464345	25.73412965	5.373047394	-52.13409557	0.9341389963	1087.5
1.09375	1.020630889	0.3550925367	0.1521025687	0.5351099275	0.07757424184	25.5998689	5.322729834	-51.85229259	0.9723645546	1093.75
1.1	1.020387889	0.3551772673	0.1512787367	0.5349013807	0.07715728471	25.46662389	5.273142037	-51.57277521	1.009625791	1100
1.10625	1.020148889	0.3552696853	0.1504645638	0.5346916181	0.07674408746	25.33450538	5.224278061	-51.29575503	1.04598294	1106.25
1.1125	1.019913889	0.3553638466	0.1496592453	0.5344806643	0.07633496632	25.20362426	5.17613228	-51.02144402	1.081495682	1112.5
1.11875	1.019682889	0.3554536888	0.148861981	0.5342685426	0.07593023845	25.07409158	5.128699388	-50.7500546	1.116223152	1118.75
1.125	1.019455889	0.3555330313	0.1480719744	0.5340552758	0.07553022188	24.94601854	5.081974383	-50.48179964	1.150223962	1125
1.13125	1.019231889	0.3556661363	0.1472960612	0.5338409148	0.07513090051	24.81804608	5.035851317	-50.21400412	1.183104896	1131.25
1.1375	1.019011889	0.3557776654	0.1465259207	0.5336254524	0.07473687152	24.69173684	4.990425835	-49.94973225	1.215368693	1137.5
1.14375	1.018795889	0.3558611014	0.1457607685	0.5334089116	0.07434845554	24.56720249	4.945693828	-49.68919819	1.247072445	1143.75
1.15	1.018583889	0.3559097991	0.1449998228	0.5331913103	0.07396597428	24.44455493	4.901651439	-49.43261664	1.278272857	1150
1.15625	1.018374889	0.355990873	0.1442501265	0.5329726975	0.07358529933	24.32239703	4.858191445	-49.17723842	1.308562427	1156.25
1.1625	1.018168889	0.3560999732	0.1435110505	0.5327530959	0.07320666689	24.20081186	4.815308747	-48.9232219	1.337987572	1162.5
1.16875	1.017965889	0.3562326534	0.1427819684	0.532532523	0.07283031392	24.07988262	4.772998468	-48.67072587	1.366594339	1168.75
1.175	1.017766889	0.3563079598	0.1420542912	0.5323109656	0.07246101657	23.96123111	4.731361456	-48.42293123	1.394901439	1175
1.18125	1.017570889	0.356395975	0.1413352688	0.5320884728	0.07209453317	23.84342187	4.690289082	-48.17701401	1.422487216	1181.25
1.1875	1.017377889	0.3564919727	0.1406242848	0.5318650629	0.07173110286	23.72653851	4.649777209	-47.93313412	1.449396476	1187.5
1.19375	1.017187889	0.3565911357	0.1399207261	0.5316407528	0.07137096554	23.6106648	4.609821921	-47.69145184	1.475673653	1193.75
1.2	1.017000889	0.3566885566	0.1392239822	0.5314155588	0.07101436183	23.49588466	4.570419528	-47.45212783	1.501362818	1200
1.20625	1.016816889	0.3567792368	0.1385334458	0.5311894965	0.07066153307	23.38228216	4.531566554	-47.21532316	1.526507689	1206.25
1.2125	1.016635889	0.3568580863	0.137848512	0.5309625806	0.07031272139	23.26994154	4.493259738	-46.9811993	1.55115165	1212.5
1.21875	1.016456889	0.3570024852	0.1371768877	0.5307348672	0.06996342478	23.15733966	4.455386283	-46.74676089	1.574842518	1218.75
1.225	1.016280889	0.3571263944	0.1365097626	0.5305063291	0.0696185724	23.04614878	4.418051835	-46.51528854	1.598111928	1225
1.23125	1.016107889	0.3572244728	0.1358465406	0.5302769832	0.06927840842	22.93645355	4.381253755	-46.28694483	1.621002249	1231.25
1.2375	1.015937889	0.3572912804	0.1351866276	0.5300468425	0.06894317785	22.82833888	4.34498958	-46.06189285	1.643555598	1237.5
1.24375	1.015769889	0.3574074618	0.134537936	0.5298159588	0.06860826268	22.72024246	4.309144779	-45.83706076	1.665305924	1243.75
