Uhel	Cl	Cd	Cm 0.25	T.U.	T.L.	S.U.	S.L.	L/D	A.C.	C.P.
-15.0	-0.227	0.12829	-0.103	1.000	0.001	1.000	0.002	-1.767	0.459	-0.202
-14.5	-0.213	0.12057	-0.105	1.000	0.001	1.000	0.002	-1.764	0.442	-0.246
-14.0	-0.196	0.11458	-0.108	1.000	0.001	1.000	0.002	-1.712	0.416	-0.303
-13.5	-0.177	0.11330	-0.111	1.000	0.001	1.000	0.002	-1.564	0.393	-0.378
-13.0	-0.155	0.10205	-0.114	1.000	0.001	1.000	0.002	-1.519	0.377	-0.487
-12.5	-0.131	0.09784	-0.117	1.000	0.001	1.000	0.002	-1.335	0.366	-0.648
-12.0	-0.104	0.08874	-0.120	1.000	0.001	1.000	0.002	-1.170	0.356	-0.909
-11.5	-0.074	0.08272	-0.123	0.861	0.001	1.000	0.002	-0.898	0.348	-1.409
-11.0	-0.043	0.07366	-0.126	0.822	0.001	1.000	0.002	-0.581	0.342	-2.697
-10.5	-0.009	0.06872	-0.129	0.790	0.001	1.000	0.002	-0.132	0.234	-13.976
-10.0	-0.412	0.06409	-0.132	0.770	0.001	1.000	0.002	-6.422	0.232	-0.071
-9.5	-0.352	0.05818	-0.135	0.753	0.001	1.000	0.001	-6.059	0.300	-0.134
-9.0	-0.291	0.05356	-0.138	0.737	0.001	1.000	0.001	-5.431	0.299	-0.226
-8.5	-0.227	0.04941	-0.141	0.723	0.001	1.000	0.001	-4.602	0.297	-0.372
-8.0	-0.162	0.04606	-0.144	0.710	0.001	1.000	0.002	-3.528	0.297	-0.639
-7.5	-0.097	0.04224	-0.147	0.699	0.001	1.000	0.002	-2.289	0.296	-1.275
-7.0	-0.030	0.03939	-0.151	0.688	0.001	1.000	0.002	-0.773	0.296	-4.692
-6.5	0.036	0.03687	-0.154	0.679	0.001	1.000	0.004	0.970	0.419	4.542
-6.0	0.094	0.03472	-0.172	0.670	0.002	1.000	0.837	2.698	0.454	2.081
-5.5	0.153	0.03620	-0.177	0.662	0.031	1.000	0.904	4.213	0.361	1.413
-5.0	0.213	0.01692	-0.185	0.654	0.042	1.000	1.000	12.598	0.318	1.117
-4.5	0.274	0.01642	-0.186	0.646	0.064	1.000	1.000	16.672	0.265	0.928
-4.0	0.334	0.01600	-0.187	0.638	0.088	1.000	1.000	20.884	0.265	0.808
-3.5	0.394	0.01562	-0.188	0.632	0.119	1.000	1.000	25.254	0.266	0.725
-3.0	0.455	0.01702	-0.188	0.626	0.148	1.000	1.000	26.713	0.266	0.665
-2.5	0.515	0.01678	-0.189	0.620	0.178	1.000	1.000	30.691	0.266	0.618
-2.0	0.575	0.01558	-0.190	0.611	0.205	1.000	1.000	36.903	0.266	0.581
-1.5	0.635	0.01510	-0.191	0.602	0.235	1.000	1.000	42.060	0.266	0.551
-1.0	0.695	0.01521	-0.192	0.593	0.267	1.000	1.000	45.706	0.266	0.527
-0.5	0.755	0.01470	-0.193	0.585	0.299	1.000	1.000	51.358	0.266	0.506
0.0	0.815	0.01477	-0.194	0.578	0.339	1.000	1.000	55.175	0.266	0.488
0.5	0.875	0.01536	-0.195	0.570	0.395	1.000	1.000	56.965	0.266	0.473
1.0	0.935	0.01496	-0.196	0.558	0.452	1.000	1.000	62.466	0.266	0.460
1.5	0.994	0.01549	-0.197	0.547	0.517	1.000	1.000	64.219	0.266	0.448
2.0	1.054	0.01509	-0.198	0.536	0.581	1.000	1.000	69.851	0.266	0.438
2.5	1.114	0.01522	-0.199	0.526	0.654	1.000	1.000	73.164	0.266	0.429
3.0	1.173	0.01503	-0.200	0.511	0.733	1.000	1.000	78.068	0.266	0.420
3.5	1.232	0.01668	-0.201	0.496	1.000	1.000	1.000	73.886	0.266	0.413
4.0	1.292	0.01701	-0.202	0.483	1.000	1.000	1.000	75.925	0.266	0.406
4.5	1.351	0.01731	-0.203	0.466	1.000	1.000	1.000	78.022	0.266	0.400
5.0	1.409	0.01773	-0.204	0.449	1.000	1.000	1.000	79.493	0.305	0.394
5.5	1.431	0.03600	-0.207	0.432	1.000	0.965	1.000	39.737	0.335	0.395
6.0	1.473	0.03695	-0.209	0.407	1.000	0.954	1.000	39.873	0.317	0.392
6.5	1.504	0.03781	-0.212	0.379	1.000	0.932	1.000	39.788	0.323	0.391
7.0	1.543	0.03865	-0.214	0.342	1.000	0.922	1.000	39.918	0.282	0.389
7.5	1.595	0.05099	-0.215	0.003	1.000	0.930	1.000	31.272	0.336	0.385
8.0	1.604	0.04986	-0.219	0.001	1.000	0.896	1.000	32.178	0.088	0.387
8.5	1.395	0.04618	-0.247	0.000	1.000	0.003	1.000	30.195	0.083	0.427
9.0	1.420	0.04919	-0.250	0.000	1.000	0.001	1.000	28.864	0.399	0.426
9.5	1.435	0.05362	-0.253	0.000	1.000	0.001	1.000	26.766	0.520	0.427
10.0	1.442	0.05766	-0.256	0.000	1.000	0.001	1.000	25.016	0.840	0.428
10.5	1.446	0.06238	-0.259	0.000	1.000	0.001	1.000	23.176	5.625	0.429
11.0	1.444	0.06742	-0.263	0.000	1.000	0.001	1.000	21.414	-0.445	0.432
11.5	1.437	0.07400	-0.266	0.000	1.000	0.001	1.000	19.418	-0.067	0.435
12.0	1.424	0.07988	-0.269	0.000	1.000	0.001	1.000	17.834	0.047	0.439
12.5	1.407	0.08619	-0.272	0.000	1.000	0.001	1.000	16.325	0.098	0.443
13.0	1.385	0.09322	-0.275	0.000	1.000	0.001	1.000	14.855	0.127	0.448
13.5	1.358	0.10067	-0.278	0.000	1.000	0.001	1.000	13.491	0.146	0.454
14.0	1.327	0.10725	-0.281	0.000	1.000	0.001	1.000	12.377	0.158	0.461
14.5	1.293	0.11845	-0.284	0.000	1.000	0.001	1.000	10.914	0.167	0.469
15.0	1.256	0.12557	-0.287	0.000	1.000	0.001	1.000	9.999	0.170	0.478