Polomer	h	k	B	Cp	b	z1	y1	z2	y2	x
0.0225	7.34098189	0.4656749222	0.9716353813	0.1338309812	0.062578292	13.36054365	16.01910488	-26.72108729	-32.03820976	22.5
0.03	5.574676889	0.4567917784	0.9453920854	0.170607403	0.07931661114	17.46114383	19.85251428	-34.92228766	-39.70502856	30
0.0375	4.520980889	0.44852405	0.9194755655	0.2040090199	0.09415359826	21.33115337	23.0210945	-42.66230674	-46.042189	37.5
0.045	3.823516889	0.4408436151	0.8939560012	0.2343309858	0.1072002041	24.94786714	25.58280475	-49.89573428	-51.16560951	45
0.0525	3.329532889	0.4337214495	0.8688970754	0.2618482596	0.1185740003	28.29515922	27.59679777	-56.59031844	-55.19359553	52.5
0.06	2.962639889	0.4271267781	0.8443545797	0.2868158404	0.128396727	31.36324471	29.12204478	-62.72648942	-58.24408956	60
0.0675	2.680387889	0.4210288901	0.8203767356	0.3094692139	0.1367916958	34.14813263	30.21609833	-68.29626526	-60.43219666	67.5
0.075	2.457298889	0.4153967658	0.7970036248	0.3300249815	0.1438816447	36.65100995	30.93408569	-73.3020199	-61.86817137	75
0.0825	2.277152889	0.410200419	0.7742677646	0.3486816419	0.1497866704	38.87745212	31.3279075	-77.75490423	-62.65581499	82.5
0.09	2.129132889	0.4054098642	0.7521937063	0.3656204928	0.1546227961	40.83670518	31.44568625	-81.67341036	-62.89137249	90
0.0975	2.005747889	0.4009953781	0.7307985088	0.3810066181	0.1585007141	42.54091082	31.33140866	-85.08182164	-62.66281732	97.5
0.105	1.901642889	0.3969324634	0.7100945382	0.394989932	0.1615241562	44.0041096	31.02471789	-88.00821919	-62.04943577	105
0.1125	1.812894889	0.393190406	0.6900846419	0.4077062497	0.1637909486	45.24219173	30.56099845	-90.48438346	-61.1219969	112.5
0.12	1.736556889	0.3897484738	0.6707703455	0.4192783614	0.1653903123	46.27143667	29.97136179	-92.54287334	-59.94272358	120
0.1275	1.670378889	0.3865818909	0.6521460048	0.4298170891	0.1664048027	47.10877615	29.28296294	-94.21755229	-58.56592588	127.5
0.135	1.612610889	0.3836695932	0.6342030388	0.4394223092	0.1669092445	47.7709639	28.51921567	-95.5419278	-57.03843134	135
0.1425	1.561873889	0.3809890848	0.6169283331	0.4481839303	0.1669717031	48.27453075	27.70013391	-96.54906151	-55.40026781	142.5
0.15	1.517064889	0.3785226301	0.6003075128	0.4561828163	0.1666528928	48.63520058	26.84263203	-97.27040115	-53.68526407	150
0.1575	1.477292889	0.3762533161	0.5843237922	0.4634916499	0.1660071549	48.86792752	25.96088174	-97.73585504	-51.92176348	157.5
0.165	1.441830889	0.3741647101	0.5689583865	0.4701757328	0.1650829467	48.98679266	25.06663693	-97.97358531	-50.13327386	165
0.1725	1.410079889	0.3722420797	0.5541914779	0.4762937236	0.1639231265	49.00486639	24.16953782	-98.00973278	-48.33907564	172.5
0.18	1.381542889	0.3704701334	0.5400017605	0.4818983121	0.1625657415	48.93429074	23.27740201	-97.86858149	-46.55480402	180
0.1875	1.355802889	0.3688388964	0.5263690103	0.4870368337	0.1610436664	48.7859769	22.39647445	-97.57195381	-44.7929489	187.5
0.195	1.332509889	0.3673343905	0.513270888	0.4917518263	0.1593863479	48.5700977	21.53167788	-97.1401954	-43.06335576	195
0.2025	1.311365889	0.3659491009	0.5006870525	0.4960815326	0.1576187804	48.29559989	20.68680528	-96.59119979	-41.37361056	202.5
0.21	1.292117889	0.3646718226	0.4885956881	0.500060353	0.1557632846	47.97075406	19.86471359	-95.94150812	-39.72942718	210
0.2175	1.274547889	0.3634978654	0.4769772705	0.5037192515	0.1538385036	47.60271687	19.06747465	-95.20543374	-38.1349493	217.5
0.225	1.258470889	0.3624092837	0.465808016	0.5070861195	0.151862303	47.19851333	18.29651498	-94.39702665	-36.59302996	225
0.2325	1.243722889	0.3614099988	0.4550717677	0.5101861016	0.1498475343	46.76346902	17.55273076	-93.52693804	-35.10546152	232.5
0.24	1.230164889	0.3604851634	0.4447465695	0.5130418855	0.1478075171	46.30313955	16.8365856	-92.60627911	-33.67317119	240
0.2475	1.217673889	0.3596308313	0.4348145275	0.5156739618	0.1457524938	45.82201163	16.14819803	-91.64402326	-32.29639607	247.5
0.255	1.206141889	0.3588460018	0.4252591169	0.5181008547	0.1436908939	45.32393651	15.48741424	-90.64787302	-30.97482848	255
0.2625	1.195475889	0.35811762	0.4160607013	0.520339328	0.1416313028	44.81281241	14.85385298	-89.62562481	-29.70770595	262.5
0.27	1.185591889	0.3574473372	0.4072047021	0.5224045682	0.1395794278	44.29149589	14.24697703	-88.58299178	-28.49395406	270
0.2775	1.176416889	0.3568281314	0.3986745303	0.5243103479	0.1375410299	43.76283429	13.66611345	-87.52566857	-27.3322269	277.5
0.285	1.167884889	0.3562634832	0.3904572085	0.5260691715	0.135519833	43.22892099	13.11050747	-86.45784198	-26.22101494	285
0.2925	1.159939889	0.3557351479	0.3825342532	0.5276924033	0.1335212602	42.69240858	12.57930915	-85.38481716	-25.15861829	292.5
0.3	1.152528889	0.3552514259	0.374895237	0.529190385	0.1315471352	42.15464176	12.07165818	-84.30928352	-24.14331635	300
0.3075	1.145605889	0.3548091798	0.3675270635	0.5305725369	0.1296000293	41.61718769	11.58665315	-83.23437538	-23.17330631	307.5
0.315	1.139129889	0.3544035384	0.3604167687	0.5318474501	0.1276822212	41.08146906	11.12337732	-82.16293812	-22.24675463	315
0.3225	1.133064889	0.3540214789	0.3535499114	0.5330229678	0.1257964056	40.54901178	10.6808992	-81.09802355	-21.36179839	322.5
0.33	1.127375889	0.3536771716	0.346919588	0.5341062602	0.1239421167	40.02019852	10.25833907	-80.04039703	-20.51667815	330
0.3375	1.122032889	0.353368936	0.340515219	0.535103888	0.1221202725	39.49585885	9.854807949	-78.9917177	-19.7096159	337.5
0.345	1.117010889	0.3530709706	0.33432089	0.5360218596	0.1203338969	38.97751729	9.469395444	-77.95503459	-18.93879089	345
0.3525	1.112282889	0.352808652	0.3283337226	0.5368656883	0.118580725	38.4648251	9.101302823	-76.9296502	-18.20260565	352.5
0.36	1.107827889	0.3525656775	0.32254111	0.5376404333	0.1168624235	37.95876821	8.7496874	-75.91753643	-17.4993748	360
0.3675	1.103624889	0.3523499791	0.3169366825	0.538350746	0.1151781551	37.45943357	8.413777929	-74.91886715	-16.82755586	367.5
0.375	1.099655889	0.352155179	0.3115111048	0.5390009051	0.1135283219	36.96730977	8.092808505	-73.93461953	-16.18561701	375
0.3825	1.095904889	0.3519689431	0.3062541867	0.5395948507	0.1119137281	36.4829971	7.78603335	-72.9659942	-15.5720667	382.5
0.39	1.092354889	0.351813376	0.3011638033	0.5401362183	0.1103319552	36.0059591	7.492800382	-72.0119182	-14.98560076	390
0.3975	1.088993889	0.3516583025	0.2962265978	0.5406283592	0.1087852305	35.53723982	7.212394067	-71.07447964	-14.42478813	397.5
0.405	1.085806889	0.3515350338	0.291442982	0.5410743744	0.1072702417	35.07595305	6.944241443	-70.15190611	-13.88848289	405
0.4125	1.082783889	0.3514156067	0.2868008821	0.5414771268	0.1057888539	34.62297668	6.68769171	-69.24595335	-13.37538342	412.5
0.42	1.079912889	0.3513181512	0.2822983531	0.5418392705	0.104338878	34.17777564	6.442207461	-68.35555129	-12.88441492	420
0.4275	1.077183889	0.3512438678	0.2779300676	0.5421632632	0.1029195918	33.74030387	6.207248718	-67.48060775	-12.41449744	427.5
0.435	1.074589889	0.3511541181	0.273683	0.542451381	0.1015335212	33.3116133	5.982230243	-66.62322661	-11.96446049	435
0.4425	1.072119889	0.3510933713	0.2695611662	0.5427057439	0.1001762905	32.89037531	5.766744589	-65.78075063	-11.53348918	442.5
0.45	1.069766889	0.3510476079	0.2655569659	0.5429283168	0.09884837601	32.47691272	5.560302769	-64.95382544	-11.12060554	450
0.4575	1.067523889	0.3510127211	0.2616650766	0.5431209278	0.09754940858	32.07124623	5.362457968	-64.14249247	-10.72491594	457.5
0.465	1.065384889	0.3509746023	0.2578785491	0.5432852775	0.09627977776	31.6736445	5.172768433	-63.34728901	-10.34553687	465
0.4725	1.063342889	0.3509492367	0.2541963694	0.5434229531	0.09503751428	31.28356013	4.990868459	-62.56712026	-9.981736918	472.5
0.48	1.061391889	0.3509427196	0.2506157326	0.5435354339	0.09382146745	30.90071702	4.816394968	-61.80143404	-9.632789936	480
0.4875	1.059527889	0.3509258805	0.2471275828	0.5436240962	0.09263314977	30.52573866	4.648941942	-61.05147732	-9.297883884	487.5
0.495	1.057743889	0.350944941	0.243736757	0.543690234	0.09146841609	30.15731197	4.488255736	-60.31462394	-8.976511473	495
0.5025	1.056037889	0.3509397207	0.2404290972	0.5437350447	0.09033104862	29.79681781	4.333912504	-59.59363563	-8.667825007	502.5
0.51	1.054403889	0.3509498639	0.2372084876	0.5437596594	0.08921744682	29.44311555	4.185681089	-58.88623111	-8.371362177	510
0.5175	1.052837889	0.3509763165	0.2340719596	0.5437651335	0.08812691424	29.09604816	4.043277678	-58.19209631	-8.086555357	517.5
0.525	1.051335889	0.3510271692	0.2310178846	0.5437524562	0.08705826945	28.75528825	3.906445621	-57.51057651	-7.812891243	525
0.5325	1.049895889	0.3510639316	0.2280369199	0.5437225488	0.08601360013	28.42161367	3.774862686	-56.84322734	-7.549725372	532.5
0.54	1.048513889	0.3511056915	0.2251296663	0.5436762832	0.0849909373	28.09441883	3.648319209	-56.18883766	-7.296638419	540
0.5475	1.047186889	0.3511512432	0.2222933752	0.5436144753	0.08398976425	27.77358737	3.526583187	-55.54717474	-7.053166373	547.5
0.555	1.045911889	0.3512049995	0.2195263215	0.5435378927	0.08300920002	27.45887534	3.409443977	-54.91775068	-6.818887953	555
0.5625	1.044686889	0.3512470808	0.2168229908	0.5434472534	0.08204999972	27.15058961	3.296661776	-54.30117921	-6.593323551	562.5
0.57	1.043507889	0.351322763	0.2141883487	0.5433432428	0.08110861284	26.84757459	3.188115475	-53.69514919	-6.37623095	570
0.5775	1.042373889	0.3513915099	0.2116138033	0.5432264935	0.08018718778	26.55060254	3.083551821	-53.10120508	-6.167103643	577.5
0.585	1.041282889	0.3514457581	0.20909621	0.5430976057	0.07928566067	26.25969254	2.982782416	-52.51938508	-5.965564832	585
0.5925	1.040231889	0.3515153087	0.2066382216	0.5429571515	0.07840159896	25.9740596	2.885688234	-51.9481192	-5.771376467	592.5
0.6	1.039218889	0.3516029504	0.2042383145	0.5428056671	0.07753435847	25.69352194	2.792114183	-51.38704389	-5.584228366	600
0.6075	1.038242889	0.3516803954	0.201890425	0.5426436521	0.07668523963	25.41855264	2.701863847	-50.83710527	-5.403727695	607.5
0.615	1.037301889	0.3517565512	0.1995941998	0.5424715851	0.07585320371	25.14883147	2.614808152	-50.29766293	-5.229616303	615
0.6225	1.036392889	0.3518821659	0.1973553516	0.5422899273	0.07503471431	24.88319316	2.530889919	-49.76638633	-5.061779839	622.5
0.63	1.035516889	0.3519642391	0.1951587541	0.5420990867	0.07423499786	24.62342996	2.449834004	-49.24685992	-4.899668008	630
0.6375	1.034670889	0.3520598671	0.19301119	0.5418994774	0.07345015187	24.36824928	2.37160638	-48.73649857	-4.74321276	637.5
0.645	1.033853889	0.3521552356	0.1909092102	0.5416914786	0.07268059459	24.11781605	2.296068363	-48.23563211	-4.592136725	645
0.6525	1.033064889	0.3522382441	0.188849746	0.5414754489	0.07192662371	23.87225267	2.223090205	-47.74450534	-4.44618041	652.5
0.66	1.032301889	0.3523405121	0.186835848	0.5412517384	0.07118600393	23.63082602	2.152613637	-47.26165204	-4.305227274	660
0.6675	1.031563889	0.3524566606	0.1848654149	0.5410206712	0.07045869423	23.39354195	2.084528981	-46.78708389	-4.169057962	667.5
0.675	1.030849889	0.3525834442	0.1829367149	0.5407825546	0.06974453155	23.16036382	2.01873478	-46.32072764	-4.037469559	675
0.6825	1.030159889	0.3526749911	0.1810424194	0.5405376698	0.06904573945	22.93205757	1.955071889	-45.86411515	-3.910143778	682.5
0.69	1.029490889	0.3528214133	0.1791933801	0.5402863172	0.06835692379	22.70682239	1.893585111	-45.41364479	-3.787170222	690
0.6975	1.028843889	0.3529357699	0.1773769556	0.5400287393	0.0676826037	22.48619509	1.834064048	-44.97239017	-3.668128097	697.5
0.705	1.028217889	0.3530213878	0.1755926421	0.539765187	0.06702222157	22.27000146	1.776435189	-44.54000293	-3.552870378	705
0.7125	1.027609889	0.3531823295	0.1738528082	0.5394959267	0.06636981642	22.0562489	1.720771497	-44.1124978	-3.441542994	712.5
0.72	1.027021889	0.3532834347	0.1721391054	0.53922115	0.06573240286	21.8473099	1.666807932	-43.69461979	-3.333615865	720
0.7275	1.026450889	0.353435562	0.1704646815	0.5389411018	0.06510373701	21.64109576	1.614632465	-43.28219152	-3.229264931	727.5
0.735	1.025897889	0.3535520996	0.1688177033	0.5386559658	0.06448814002	21.43907056	1.564057549	-42.87814112	-3.128115098	735
0.7425	1.025361889	0.353647573	0.1671992011	0.5383659401	0.06388452777	21.2408797	1.515041481	-42.48175939	-3.030082962	742.5
0.75	1.024840889	0.353794234	0.1656171831	0.5380712343	0.06328888443	21.04518319	1.467623604	-42.09036639	-2.935247209	750
